G 4.88623 -216.92967 -107.01745
FP1 22.66097 -215.17047 -106.02161
Fp2 -14.51707 -215.99734 -107.96710
F7 64.50138 -180.06104 -115.39294
F3 44.53565 -183.85083 -77.47854
Fz 1.87596 -196.02194 -68.69604
F4 -37.78682 -183.39616 -77.88834
F8 -60.20803 -176.53879 -119.37214
T3 77.96370 -132.19577 -123.96312
C3 48.23156 -141.30139 -53.65706
Cz -1.38297 -144.61928 -40.58036
C4 -51.34485 -132.28114 -63.19135
T4 -73.09639 -129.91707 -126.25740
T5 73.95229 -94.09358 -108.64140
P3 44.53437 -85.88811 -52.85554
Pz 4.47472 -87.27579 -40.55307
P4 -36.97533 -86.45993 -55.13177
T6 -60.07651 -86.27083 -120.12472
O1 42.53815 -49.62876 -98.95287
O2 -11.83266 -44.56505 -99.30063

